R4 真实口径：uniform, N0=200, use_sim_core=False, 1500 tick, seeds=(42, 43, 44)
arm        radius  seed  N_end  N_peak   born     捕食     饿死  meanRow  polar%    g15
off_r8          8    42    105     199    115    129     82    28.78    2.9%  0.385
off_r8          8    43    116     199    166    180     70    31.72    3.4%  0.417
off_r8          8    44     85     199     82    110     87    28.52   14.1%  0.507
buggy_r4        4    42     12     200     11    141     60    32.58    0.0%  0.449
buggy_r4        4    43     32     197     28    159     39    16.41    3.1%  0.306
buggy_r4        4    44     24     199     37    159     54    15.21    8.3%  0.568
vn_r4           4    42     94     200    103    138     72    33.61    4.3%  0.410
vn_r4           4    43    145     197    159    144     70    31.28    6.2%  0.442
vn_r4           4    44    120     200    161    164     77    34.15   10.0%  0.356
diag_r4         4    42     69     200     75    131     75    32.10   10.1%  0.393
diag_r4         4    43     92     198     89    137     60    31.86    7.6%  0.381
diag_r4         4    44    129     200    183    182     72    34.23    7.0%  0.339
r6_noop         6    42     80     200     83    141     62    34.17    6.2%  0.373
r6_noop         6    43    101     198    112    143     68    29.42    5.9%  0.434
r6_noop         6    44     69     200    108    161     79    33.88    7.2%  0.372

wrote C:\Users\圣羽\Desktop\temp\tempCode\the-world\_gitee_review\_rerun_logs\e1_neighbor_order.csv

--- 各臂 N_end 中位 ---
  off_r8     105  (全部 [85, 105, 116])
  buggy_r4   24  (全部 [12, 24, 32])
  vn_r4      120  (全部 [94, 120, 145])
  diag_r4    92  (全部 [69, 92, 129])
  r6_noop    80  (全部 [69, 80, 101])
